88.0
30.0
32.6
38.8
93.9
14.6
67.9
21.1
49.6
94.9
94.0
85.2
41.2
26.2
24.5
65.6
58.8
61.5
23.6
73.2
57.0
71.0
64.6
91.4
60.8
98.8
88.2
72.6
52.4
25.8
48.2
97.4
22.9
27.8
63.7
98.8
29.0
23.1
72.7
49.7
69.9
63.1
18.2
43.0
83.0
65.2
67.7
34.1
20.0
65.4
42.8
28.0
13.1
65.6
14.2
76.8
17.9
64.5
20.2
86.7
11.8
73.7
14.5
33.8
33.1
68.1
79.2
50.1
56.1
48.0
50.7
52.5
74.2
26.9
25.2
54.8
83.8
77.4
18.8
40.5
71.6
14.7
38.1
58.7
32.3
73.6
98.5
59.2
40.2
68.3
98.0
84.4
84.1
44.4
13.6
42.6
91.1
63.0
74.2
59.1
60.8
98.6
90.5
66.6
13.4
53.6
65.3
24.4
83.6
53.4
86.3
10.1
21.2
53.7
68.2
79.6
21.5
13.5
96.3
21.5
26.8
45.3
76.7
57.6
49.1
62.4
69.9
57.2
80.2
89.2
60.9
56.6
85.0
40.2
88.6
19.6
88.1
90.6
42.7
67.9
45.0
40.7
46.9
61.5
98.4
17.5
38.4
43.0
35.8
71.1
71.5
87.8
93.9
42.7
92.9
26.1
23.5
84.7
55.9
25.4
24.3
45.9
71.5
76.3
87.8
80.1
14.7
90.2
37.3
14.5
10.2
96.1
70.7
36.2
36.7
27.9
80.7
44.6
52.8
66.6
57.3
99.1
53.2
77.8
84.7
37.2
31.9
67.6
61.5
92.8
91.3
29.2
92.3
62.4
88.0
76.8
74.8
92.9
23.0
74.7
41.7
91.0
71.6
91.0
47.4
49.0
29.6
42.7
53.9
44.9
42.9
76.0
56.4
72.7
22.1
64.1
50.6
64.2
22.8
87.9
77.6
47.7
36.6
40.5
85.7
89.8
10.5
44.8
50.4
50.8
26.8
78.3
32.9
58.6
62.0
84.7
33.8
90.8
10.8
76.5
39.7
74.7
37.4
91.4
99.5
58.8
95.1
62.2
86.1
83.0
57.1
47.2
23.2
68.1
38.6
45.3
73.6
34.8
13.2
45.4
28.3
25.7
59.4
71.9
68.4
66.0
29.7
81.8
10.9
71.7
51.6
82.9
91.1
74.7
87.6
87.7
79.8
78.7
25.3
10.1
79.3
18.7
95.4
86.3
32.1
39.7
29.8
43.6
61.2
22.0
40.2
99.5
71.6
68.3
39.4
26.7
27.0
11.7
51.8
16.4
87.8
51.2
45.0
12.5
96.8
45.8
62.6
62.8
70.4
88.4
34.3
62.4
14.6
54.3
75.0
64.0
87.5
47.4
60.3
36.3
14.7
39.5
53.6
35.4
23.9
38.9
45.0
88.9
37.1
43.3
39.7
79.4
43.2
41.5
91.2
59.5
17.5
42.6
88.3
53.9
20.7
46.2
69.5
56.2
68.5
57.9
32.0
95.9
43.9
31.2
87.3
91.4
77.2
69.1
78.0
91.6
56.4
66.6
41.1
29.6
34.1
36.6
41.2
67.0
63.9
87.1
16.9
56.7
91.8
96.6
32.5
13.8
82.8
14.5
22.4
97.8
93.1
15.7
73.1
43.6
34.3
32.4
19.4
43.9
13.8
23.3
69.0
75.1
82.9
29.6
47.0
28.2
55.8
19.0
88.5
42.7
73.3
20.7
10.2
21.6
56.3
25.9
43.5
35.7
90.2
72.9
63.4
63.0
97.9
30.3
52.7
36.8
29.4
56.2
51.2
82.6
74.2
50.7
54.3
45.7
24.8
85.0
11.9
14.5
59.5
91.1
47.9
43.8
26.8
81.6
45.6
73.9
15.9
24.8
41.9
79.4
19.4
62.8
50.4
25.9
41.2
58.5
42.3
50.7
43.8
30.9
13.6
68.2
38.3
24.8
93.4
41.9
10.7
16.9
55.4
55.1
38.2
94.1
22.9
78.0
82.2
81.0
77.1
78.3
14.8
99.8
85.0
72.1
76.0
53.0
44.8
26.7
75.6
37.8
62.3
82.9
49.6
65.4
25.5
24.9
87.5
19.9
97.4
71.7
70.7
48.2
35.0
23.6
81.3
40.8
28.8
42.1
31.5
69.9
81.3
54.3
23.5
85.8
50.2
71.3
47.4
59.2
13.1
94.7
81.8
56.1
23.3
67.0
10.5
88.7
33.1
61.8
78.5
29.7
62.4
48.7
23.9
17.2
62.0
72.3
78.5
31.9
60.9
41.2
69.5
39.6
11.7
63.9
78.7
93.7
61.8
27.6
91.6
80.3
32.0
40.5
90.7
71.5
18.5
11.9
73.9
93.7
69.2
17.0
35.1
36.7
50.2
44.4
89.8
43.2
38.6
35.7
74.3
38.8
82.2
43.1
83.4
72.2
50.8
19.7
25.6
57.4
67.8
74.0
60.3
21.7
22.4
24.6
56.8
77.2
35.5
23.7
51.6
77.0
26.2
20.8
91.7
35.6
93.7
41.3
21.1
87.9
46.1
94.5
25.3
43.4
57.3
70.2
97.9
76.5
99.9
44.8
23.3
43.0
59.5
63.1
93.5
99.2
64.2
97.4
15.5
94.0
26.3
88.2
53.2
37.2
29.8
27.8
28.8
13.0
70.7
68.9
95.2
84.3
46.0
42.2
32.6
26.3
37.5
57.8
34.0
50.5
13.5
59.5
98.8
30.6
74.8
62.8
65.5
29.4
82.1
76.7
20.4
50.6
80.7
32.0
27.3
53.1
55.9
59.2
58.9
46.0
31.1
47.7
40.4
26.2
45.9
48.4
67.7
30.7
44.4
91.9
43.0
96.5
79.2
23.9
74.3
77.7
40.4
66.2
22.4
49.6
74.9
74.1
34.6
35.1
87.5
99.9
71.5
27.4
34.7
10.4
85.9
53.2
64.2
75.9
82.7
22.3
94.2
27.2
88.2
51.6
52.5
50.1
26.8
55.9
26.5
44.8
86.1
94.2
76.9
99.4
55.8
97.1
88.0
74.6
66.7
33.6
12.4
60.4
32.9
51.9
16.3
31.6
43.9
30.0
39.4
43.5
29.5
74.3
30.6
84.7
93.5
76.5
41.2
57.5
97.5
10.8
91.3
89.2
51.6
91.8
45.5
27.2
80.4
71.6
50.4
65.1
26.2
70.1
31.1
69.6
61.8
15.0
48.0
88.8
95.1
97.8
25.4
81.2
63.3
21.5
98.3
58.8
35.5
27.4
16.1
77.4
60.2
13.7
86.6
93.4
59.0
68.8
60.0
92.7
45.8
21.9
75.6
79.1
37.5
50.7
67.8
63.2
88.2
96.0
60.3
53.5
52.9
66.2
87.9
56.3
57.8
68.1
50.5
41.4
99.6
67.0
40.0
75.4
94.0
15.7
78.0
14.1
42.8
29.7
98.7
77.4
83.9
63.7
64.9
85.2
56.2
66.9
10.2
76.5
90.2
80.4
93.7
36.1
66.5
49.6
48.1
96.1
24.8
92.0
95.2
92.1
77.3
72.8
47.1
67.8
78.5
68.8
46.4
27.7
52.9
88.3
63.6
10.9
84.8
93.3
53.4
89.3
66.9
90.9
12.7
86.3
59.3
40.7
16.2
82.4
10.7
66.2
31.3
50.5
18.3
67.9
90.9
38.5
93.9
20.5
49.9
11.5
69.7
42.1
48.9
42.5
71.8
13.7
53.6
89.2
78.5
53.1
79.8
46.7
15.9
43.3
65.7
17.0
42.3
58.7
79.6
24.9
72.8
94.5
83.4
24.7
88.9
30.6
52.8
86.4
85.1
28.5
58.3
42.6
99.6
45.6
47.3
60.4
76.7
48.2
59.7
63.6
74.5
58.0
97.0
11.7
37.8
40.5
29.8
14.5
40.3
41.9
84.4
23.6
86.5
18.0
38.7
86.2
87.8
97.4
38.9
84.4
91.8
97.9
61.4
78.9
60.4
47.2
33.4
72.2
84.3
75.1
99.8
63.6
73.7
81.4
72.3
72.5
21.4
74.2
78.2
48.9
48.8
45.7
38.8
96.9
36.0
17.4
38.5
88.3
15.6
86.0
18.1
83.2
78.2
33.3
40.0
96.3
78.9
60.8
12.5
19.7
62.9
82.0
43.9
86.5
13.2
59.1
86.8
33.9
99.2
86.8
64.6
47.4
54.6
77.4
11.0
86.5
91.9
92.6
91.1
52.5
30.1
34.9
33.2
26.7
60.1
25.8
33.5
95.7
51.5
22.1
23.2
36.3
10.2
45.2
71.9
93.6
29.6
37.0
60.9
26.3
90.3
98.6
40.9
55.7
28.4
16.5
54.7
84.4
71.5
39.3
66.1
51.3
44.6
78.4
96.5
38.9
