10.1
10.1
10.2
10.2
10.2
10.2
10.4
10.5
10.5
10.7
10.7
10.8
10.8
10.9
10.9
11.0
11.5
11.7
11.7
11.7
11.8
11.9
11.9
12.4
12.5
12.5
12.7
13.0
13.1
13.1
13.2
13.2
13.4
13.5
13.5
13.6
13.6
13.7
13.7
13.8
13.8
14.1
14.2
14.5
14.5
14.5
14.5
14.5
14.6
14.6
14.7
14.7
14.7
14.8
15.0
15.5
15.6
15.7
15.7
15.9
15.9
16.1
16.2
16.3
16.4
16.5
16.9
16.9
17.0
17.0
17.2
17.4
17.5
17.5
17.9
18.0
18.1
18.2
18.3
18.5
18.7
18.8
19.0
19.4
19.4
19.6
19.7
19.7
19.9
20.0
20.2
20.4
20.5
20.7
20.7
20.8
21.1
21.1
21.2
21.4
21.5
21.5
21.5
21.6
21.7
21.9
22.0
22.1
22.1
22.3
22.4
22.4
22.4
22.8
22.9
22.9
23.0
23.1
23.2
23.2
23.3
23.3
23.3
23.5
23.5
23.6
23.6
23.6
23.7
23.9
23.9
23.9
24.3
24.4
24.5
24.6
24.7
24.8
24.8
24.8
24.8
24.9
24.9
25.2
25.3
25.3
25.4
25.4
25.5
25.6
25.7
25.8
25.8
25.9
25.9
26.1
26.2
26.2
26.2
26.2
26.3
26.3
26.3
26.5
26.7
26.7
26.7
26.8
26.8
26.8
26.8
26.9
27.0
27.2
27.2
27.3
27.4
27.4
27.6
27.7
27.8
27.8
27.9
28.0
28.2
28.3
28.4
28.5
28.8
28.8
29.0
29.2
29.4
29.4
29.5
29.6
29.6
29.6
29.6
29.7
29.7
29.7
29.8
29.8
29.8
30.0
30.0
30.1
30.3
30.6
30.6
30.6
30.7
30.9
31.1
31.1
31.2
31.3
31.5
31.6
31.9
31.9
32.0
32.0
32.0
32.1
32.3
32.4
32.5
32.6
32.6
32.9
32.9
33.1
33.1
33.2
33.3
33.4
33.5
33.6
33.8
33.8
33.9
34.0
34.1
34.1
34.3
34.3
34.6
34.7
34.8
34.9
35.0
35.1
35.1
35.4
35.5
35.5
35.6
35.7
35.7
35.8
36.0
36.1
36.2
36.3
36.3
36.6
36.6
36.7
36.7
36.8
37.0
37.1
37.2
37.2
37.3
37.4
37.5
37.5
37.8
37.8
38.1
38.2
38.3
38.4
38.5
38.5
38.6
38.6
38.7
38.8
38.8
38.8
38.9
38.9
38.9
39.3
39.4
39.4
39.5
39.6
39.7
39.7
39.7
40.0
40.0
40.2
40.2
40.2
40.3
40.4
40.4
40.5
40.5
40.5
40.5
40.7
40.7
40.8
40.9
41.1
41.2
41.2
41.2
41.2
41.2
41.3
41.4
41.5
41.7
41.9
41.9
41.9
42.1
42.1
42.2
42.3
42.3
42.5
42.6
42.6
42.6
42.7
42.7
42.7
42.7
42.8
42.8
42.9
43.0
43.0
43.0
43.0
43.1
43.2
43.2
43.3
43.3
43.4
43.5
43.5
43.6
43.6
43.8
43.8
43.9
43.9
43.9
43.9
44.4
44.4
44.4
44.6
44.6
44.8
44.8
44.8
44.8
44.9
45.0
45.0
45.0
45.2
45.3
45.3
45.4
45.5
45.6
45.6
45.7
45.7
45.8
45.8
45.9
45.9
46.0
46.0
46.1
46.2
46.4
46.7
46.9
47.0
47.1
47.2
47.2
47.3
47.4
47.4
47.4
47.4
47.7
47.7
47.9
48.0
48.0
48.1
48.2
48.2
48.2
48.4
48.7
48.8
48.9
48.9
49.0
49.1
49.6
49.6
49.6
49.6
49.7
49.9
50.1
50.1
50.2
50.2
50.4
50.4
50.4
50.5
50.5
50.5
50.6
50.6
50.7
50.7
50.7
50.7
50.8
50.8
51.2
51.2
51.3
51.5
51.6
51.6
51.6
51.6
51.8
51.9
52.4
52.5
52.5
52.5
52.7
52.8
52.8
52.9
52.9
53.0
53.1
53.1
53.2
53.2
53.2
53.4
53.4
53.5
53.6
53.6
53.6
53.7
53.9
53.9
54.3
54.3
54.3
54.6
54.7
54.8
55.1
55.4
55.7
55.8
55.8
55.9
55.9
55.9
56.1
56.1
56.2
56.2
56.2
56.3
56.3
56.4
56.4
56.6
56.7
56.8
57.0
57.1
57.2
57.3
57.3
57.4
57.5
57.6
57.8
57.8
57.9
58.0
58.3
58.5
58.6
58.7
58.7
58.8
58.8
58.8
58.9
59.0
59.1
59.1
59.2
59.2
59.2
59.3
59.4
59.5
59.5
59.5
59.5
59.7
60.0
60.1
60.2
60.3
60.3
60.3
60.4
60.4
60.4
60.8
60.8
60.8
60.9
60.9
60.9
61.2
61.4
61.5
61.5
61.5
61.8
61.8
61.8
62.0
62.0
62.2
62.3
62.4
62.4
62.4
62.4
62.6
62.8
62.8
62.8
62.9
63.0
63.0
63.1
63.1
63.2
63.3
63.4
63.6
63.6
63.6
63.7
63.7
63.9
63.9
64.0
64.1
64.2
64.2
64.2
64.5
64.6
64.6
64.9
65.1
65.2
65.3
65.4
65.4
65.5
65.6
65.6
65.7
66.0
66.1
66.2
66.2
66.2
66.5
66.6
66.6
66.6
66.7
66.9
66.9
67.0
67.0
67.0
67.6
67.7
67.7
67.8
67.8
67.8
67.9
67.9
67.9
68.1
68.1
68.1
68.2
68.2
68.3
68.3
68.4
68.5
68.8
68.8
68.9
69.0
69.1
69.2
69.5
69.5
69.6
69.7
69.9
69.9
69.9
70.1
70.2
70.4
70.7
70.7
70.7
71.0
71.1
71.3
71.5
71.5
71.5
71.5
71.5
71.6
71.6
71.6
71.6
71.7
71.7
71.8
71.9
71.9
72.1
72.2
72.2
72.3
72.3
72.5
72.6
72.7
72.7
72.8
72.8
72.9
73.1
73.2
73.3
73.6
73.6
73.7
73.7
73.9
73.9
74.0
74.1
74.2
74.2
74.2
74.2
74.3
74.3
74.3
74.5
74.6
74.7
74.7
74.7
74.8
74.8
74.9
75.0
75.1
75.1
75.4
75.6
75.6
75.9
76.0
76.0
76.3
76.5
76.5
76.5
76.5
76.7
76.7
76.7
76.8
76.8
76.9
77.0
77.1
77.2
77.2
77.3
77.4
77.4
77.4
77.4
77.6
77.7
77.8
78.0
78.0
78.0
78.2
78.2
78.3
78.3
78.4
78.5
78.5
78.5
78.5
78.7
78.7
78.9
78.9
79.1
79.2
79.2
79.3
79.4
79.4
79.6
79.6
79.8
79.8
80.1
80.2
80.3
80.4
80.4
80.7
80.7
81.0
81.2
81.3
81.3
81.4
81.6
81.8
81.8
82.0
82.1
82.2
82.2
82.4
82.6
82.7
82.8
82.9
82.9
82.9
83.0
83.0
83.2
83.4
83.4
83.6
83.8
83.9
84.1
84.3
84.3
84.4
84.4
84.4
84.4
84.7
84.7
84.7
84.7
84.8
85.0
85.0
85.0
85.1
85.2
85.2
85.7
85.8
85.9
86.0
86.1
86.1
86.2
86.3
86.3
86.3
86.4
86.5
86.5
86.5
86.6
86.7
86.8
86.8
87.1
87.3
87.5
87.5
87.5
87.6
87.7
87.8
87.8
87.8
87.8
87.9
87.9
87.9
88.0
88.0
88.0
88.1
88.2
88.2
88.2
88.2
88.3
88.3
88.3
88.4
88.5
88.6
88.7
88.8
88.9
88.9
89.2
89.2
89.2
89.3
89.8
89.8
90.2
90.2
90.2
90.3
90.5
90.6
90.7
90.8
90.9
90.9
91.0
91.0
91.1
91.1
91.1
91.1
91.2
91.3
91.3
91.4
91.4
91.4
91.6
91.6
91.7
91.8
91.8
91.8
91.9
91.9
92.0
92.1
92.3
92.6
92.7
92.8
92.9
92.9
93.1
93.3
93.4
93.4
93.5
93.5
93.6
93.7
93.7
93.7
93.7
93.9
93.9
93.9
94.0
94.0
94.0
94.1
94.2
94.2
94.5
94.5
94.7
94.9
95.1
95.1
95.2
95.2
95.4
95.7
95.9
96.0
96.1
96.1
96.3
96.3
96.5
96.5
96.6
96.8
96.9
97.0
97.1
97.4
97.4
97.4
97.4
97.5
97.8
97.8
97.9
97.9
97.9
98.0
98.3
98.4
98.5
98.6
98.6
98.7
98.8
98.8
98.8
99.1
99.2
99.2
99.4
99.5
99.5
99.6
99.6
99.8
99.8
99.9
99.9
